[[0.9981505870819092, 0.0324593186378479, -0.026049956679344177, -0.00313742458820343, 0.0065848506055772305, 0.024588117375969887, 0.021217182278633118, -0.007874825969338417, -0.016809625551104546, -0.01780681312084198, 0.011495744809508324, -0.005155580583959818, -0.005915727466344833], [0.015052374452352524, -0.7049225568771362, -0.618821382522583, -0.10986115038394928, 0.029452070593833923, -0.14759716391563416, -0.24478352069854736, 0.021387699991464615, -0.008701610378921032, -0.06292115151882172, 0.003166488604620099, 0.07458311319351196, 0.12334097176790237], [-0.004860392305999994, -0.05939911678433418, -0.24097202718257904, 0.894436776638031, 0.024058829993009567, -0.008538054302334785, 0.29703155159950256, 0.03844071552157402, 0.1285005360841751, 0.06820489466190338, -0.0037502555642277002, 0.03312616050243378, -0.16040928661823273], [-0.03641599416732788, 0.5203886032104492, -0.6330228447914124, -0.2804410457611084, -0.019983716309070587, -0.2598496973514557, 0.32037225365638733, 0.011073498986661434, -0.06203136593103409, -0.022280316799879074, -0.009013314731419086, 0.14993669092655182, -0.225645512342453], [0.014518743380904198, 0.3737238347530365, -0.07942710071802139, 0.21432706713676453, 0.034437838941812515, -0.2841678857803345, -0.5299342274665833, -0.12812776863574982, 0.1985623687505722, 0.22458767890930176, 0.06733783334493637, 0.29435330629348755, 0.4976404309272766], [0.026399336755275726, -0.24185894429683685, 0.35392525792121887, -0.08189542591571808, 0.025948919355869293, -0.5162213444709778, 0.2144370973110199, -0.1609591394662857, 0.24460533261299133, -0.10439400374889374, 0.08480779081583023, 0.5778312087059021, -0.24078629910945892], [0.020004773512482643, 0.012534393928945065, 0.05876684561371803, -0.012069067917764187, -0.12016940116882324, -0.044451214373111725, -0.03210693597793579, 0.6266675591468811, 0.10997527092695236, -0.011331615969538689, -0.7281417846679688, 0.2003592997789383, 0.05592024698853493], [0.0037424631882458925, -0.02544284425675869, 0.07258591800928116, 0.1556825190782547, -0.36570045351982117, -0.3410835564136505, -0.02126794122159481, -0.40251123905181885, -0.6325899958610535, -0.0611218698322773, -0.3770833909511566, -0.09157691895961761, 0.052973438054323196], [-0.007389764301478863, 0.10604459047317505, -0.10291028022766113, 0.027873430401086807, -0.23719756305217743, 0.23000267148017883, -0.2889900207519531, -0.4000947177410126, 0.46026986837387085, -0.5216043591499329, -0.2659246325492859, -0.03561144694685936, -0.26205694675445557], [-0.009230758994817734, 0.12241704761981964, 0.04874739423394203, 0.17276063561439514, -0.004766258876770735, -0.1275358945131302, -0.34290894865989685, 0.43546605110168457, -0.3438020944595337, -0.5754956007003784, 0.3684904873371124, 0.0895354226231575, -0.18974748253822327], [-0.01860399730503559, -0.005919070448726416, -0.028672553598880768, -0.002417272189632058, -0.20882374048233032, 0.2333468645811081, 0.4450083374977112, -0.020234135910868645, -0.011148168705403805, -0.4402938187122345, 0.10433299839496613, 0.24769063293933868, 0.6603575348854065], [0.010715617798268795, 0.01384004857391119, 0.059254154562950134, -0.005541736260056496, 0.12020408362150192, -0.5617159605026245, 0.14531327784061432, 0.09848281741142273, 0.31489306688308716, -0.2533419132232666, -0.011416037566959858, -0.6486746668815613, 0.22608579695224762], [0.01401975005865097, -0.04765572398900986, -0.0016515612369403243, -0.03964179754257202, -0.8565818071365356, -0.07296484708786011, -0.014772726222872734, 0.20251919329166412, 0.19602984189987183, 0.25311368703842163, 0.31326767802238464, -0.10176485031843185, -0.06843168288469315]]