[[0.9997917413711548, 0.00947075430303812, -0.005643568001687527, -0.003472917014732957, 0.008378391154110432, 8.672143849253189e-06, 5.6362521718256176e-05, -0.0083431052044034, -9.296738426201046e-06, -5.463245906867087e-05, 0.011567670851945877, -0.001998851541429758, -0.0024392418563365936], [0.0034571706783026457, -0.6888441443443298, -0.6822697520256042, 0.23529793322086334, 0.04919375851750374, 5.0692892727965955e-06, -1.1413874744903296e-05, 0.04693612828850746, 2.250482111776364e-06, -6.554605351993814e-05, 0.0011569337220862508, -3.3407603041268885e-05, -5.4082305723568425e-05], [-0.0030437989626079798, -0.1450352519750595, -0.18677547574043274, -0.9714570045471191, 0.0125826271250844, 1.647391854930902e-06, -0.000139086609124206, 0.013544722460210323, 5.7724428188521415e-06, -7.461526547558606e-05, -0.00028838965226896107, 4.285600516595878e-05, 6.0629055951721966e-05], [0.01003546454012394, -0.7079019546508789, 0.7046836614608765, -0.029837166890501976, 0.024711275473237038, 8.728537750357646e-07, -4.337065547588281e-05, -0.023303715512156487, -5.081246285953966e-07, -0.00010182167898165062, 0.01227794960141182, -0.00015594800061080605, -0.0002023614797508344], [0.016199862584471703, -0.022147471085190773, 0.0165861789137125, 5.2405885071493685e-05, -0.37397462129592896, 6.642819062108174e-05, 0.00010472221038071439, 0.32793304324150085, -5.797763878945261e-05, -9.377617243444547e-05, -0.8669329285621643, -0.0009006696054711938, -0.0011538428952917457], [-0.0024835013318806887, 0.0001791211834643036, -0.00012261804658919573, -6.610518175875768e-05, 0.0003545904764905572, 0.0021251565776765347, 0.10605449974536896, -0.0002908982860390097, -0.005424425005912781, -0.08993293344974518, 0.001043490250594914, -0.01841745339334011, -0.9900926351547241], [0.0019671316258609295, -0.00012235557369422168, 9.570520342094824e-05, 3.7166686524869874e-05, -0.0002338427002541721, -0.024155741557478905, 0.00017208817007485777, 0.0002231704129371792, 0.028187638148665428, -0.0010800560703501105, -0.0007896263268776238, 0.9991332292556763, -0.018681319430470467], [0.00013486154784914106, 0.05024309828877449, 0.04917708411812782, 0.00199259165674448, 0.7161083817481995, 0.00013155766646377742, 2.0010461412311997e-06, 0.6928319931030273, 9.02242463780567e-05, 1.1789392374339513e-05, -0.047176361083984375, -2.245649193355348e-05, 5.065630830358714e-06], [-0.0047620669938623905, 0.015110364183783531, -0.017842411994934082, 1.2540140232886188e-05, 0.5865765810012817, -0.00019496522145345807, 1.7695172573439777e-05, -0.6398784518241882, 0.00013908941764384508, -3.269844228270813e-06, -0.4958971440792084, -0.00010941814252873883, -0.00010464814840815961], [-0.00022899970645084977, 6.381569255609065e-05, -8.399822945648339e-06, 0.00011906633881153539, -1.89654510904802e-05, -0.009760471992194653, -0.976506233215332, -2.738771058830025e-07, 0.15936817228794098, 0.0895305722951889, 2.085304367938079e-05, -0.006588841322809458, -0.11350247263908386], [0.00014688052760902792, 0.0001206114175147377, -3.888444098265609e-06, 7.73509600549005e-05, 2.256570724057383e-06, 0.06524267792701721, -0.09679552912712097, -1.0864251635211986e-05, 0.02357436716556549, -0.9896939396858215, -1.3947033039585222e-05, 0.0013455000007525086, 0.07951389998197556], [-2.821233465510886e-05, -1.366771448374493e-05, 4.54031919616682e-07, -1.731754127831664e-05, -0.00016157714708242565, -0.09835223108530045, 0.16020119190216064, 6.0966074670432135e-05, 0.9816427230834961, 0.0021483490709215403, 5.376740591600537e-05, -0.029874099418520927, 0.011931476183235645], [2.7687177862389944e-05, -9.701573617348913e-06, -5.1088413783872966e-06, -4.415890089148888e-06, 2.215499807789456e-05, 0.9926666021347046, 0.01241004653275013, -0.0002267847885377705, 0.09797529876232147, 0.06630667299032211, -4.825524229090661e-05, 0.021239440888166428, -0.0034947250969707966]]