[[0.9998301863670349, 0.005235993769019842, 0.0006512660766020417, -0.004991988651454449, 0.008264807052910328, -5.523842264665291e-05, -4.401202386361547e-05, -0.008581706322729588, 5.5706976127112284e-05, 4.240934140398167e-05, 0.01156674511730671, -0.002438049763441086, 0.0022822844330221415], [0.004260438494384289, -0.7042087912559509, -0.7063711881637573, 0.008698652498424053, 0.047491226345300674, -8.56579135870561e-05, 4.5349597712629475e-06, 0.052722539752721786, -4.063995947944932e-05, 1.1230364179937169e-05, -0.0008121187565848231, -6.701262464048341e-05, 6.045943155186251e-05], [0.003923994489014149, 0.2131844311952591, -0.20067383348941803, 0.9561260342597961, -0.006444865372031927, 3.347988604218699e-05, -1.0630934411892667e-05, 0.00656855059787631, 0.00011108412581961602, -4.1301982491859235e-06, -0.0022999898064881563, -7.263439329108223e-05, 6.260944792302325e-05], [-0.004039769526571035, 0.6751071214675903, -0.6762496829032898, -0.29278111457824707, -0.021191444247961044, -0.00010654765355866402, 4.477617039810866e-06, 0.024553192779421806, -9.140523616224527e-05, -6.4590303736622445e-06, -0.011300113052129745, 7.963668758748099e-05, -7.661689596716315e-05], [-0.016002848744392395, 0.013534664176404476, -0.024432092905044556, -0.0011918579693883657, 0.30220699310302734, 9.495328413322568e-05, 6.638515333179384e-05, -0.40399396419525146, -0.00010293391096638516, -4.683505176217295e-05, 0.8627975583076477, 0.0011453604092821479, -0.0010540192015469074], [0.002438904019072652, -8.663466724101454e-05, 2.5441457182751037e-05, 7.925824320409447e-05, -0.0002545625902712345, 0.00868720281869173, 0.10704048722982407, 0.0004165668797213584, -0.012813032604753971, -0.09219685941934586, -0.0009760520770214498, 0.06419140845537186, -0.9877623319625854], [-0.002287655370309949, 7.915430614957586e-05, -1.5095229173311964e-05, -8.387167326873168e-05, 0.00021913960517849773, -0.09515372663736343, 0.002595597645267844, -0.0003857324772980064, 0.0987900048494339, -0.004510627128183842, 0.0009517386206425726, -0.9883535504341125, -0.06565267592668533], [0.0005275426083244383, -0.04676436260342598, -0.05238182842731476, 9.35417992877774e-05, -0.6292059421539307, -4.902536602457985e-06, -9.733638580655679e-05, -0.7618275880813599, 9.490162483416498e-06, -0.00012447549670469016, -0.1370677351951599, 2.4509492504876107e-05, -1.7126214515883476e-05], [0.0047006248496472836, -0.02179783396422863, 0.010724236257374287, -6.805928933317773e-06, -0.7141121625900269, 4.843810529564507e-05, 0.00011983307194896042, 0.5028994679450989, -2.0761435735039413e-05, -0.0002313072036486119, 0.48633670806884766, 9.755593782756478e-05, -2.901684638345614e-05], [0.0002796045155264437, -3.807383563980693e-06, -2.7013582439394668e-05, -9.623283403925598e-05, -1.6616173525108024e-05, -0.2835249602794647, -0.168978750705719, 5.564390085055493e-05, 0.9357032775878906, -0.00014265892968978733, -4.697298550127016e-07, 0.12204043567180634, -0.024997925385832787], [0.0001149948438978754, -1.2207147847220767e-05, 0.00013924638915341347, 0.00010322983143851161, -3.974435821874067e-05, -0.9521245360374451, 0.07255890965461731, 7.458394065906759e-06, -0.2835807800292969, 0.06155071035027504, 1.0523193850531243e-05, 0.06312869489192963, 0.0015254681929945946], [0.00014094343350734562, -8.430853085883427e-06, 1.9825747585855424e-05, 2.0315803340054117e-05, 1.625026561669074e-05, -0.03176990523934364, -0.9595239162445068, 0.0001361825707135722, -0.1837194561958313, -0.1930481344461441, 1.8013406588579528e-05, -0.01132496353238821, -0.08459329605102539], [-0.00019762794545385987, 5.988688371871831e-06, 5.196784059080528e-06, -6.789097824366763e-06, 0.00025366281624883413, -0.05416177958250046, 0.18447494506835938, -6.671892333542928e-05, 0.019093627110123634, -0.9748964905738831, -5.373996100388467e-05, 0.004712499212473631, 0.1105688139796257]]