[[0.9997914433479309, 0.0034727996680885553, 0.005647595971822739, -0.009466304443776608, 9.247225534636527e-06, 0.008354048244655132, 5.471450640470721e-05, -8.759185220696963e-06, -0.00836727675050497, -5.62210516363848e-05, -0.001998806605115533, 0.011566524393856525, -0.0024381252005696297], [-0.0034415903501212597, 0.2345256805419922, -0.6837403178215027, -0.687649667263031, 5.18699198437389e-06, 0.047114048153162, -6.446018232963979e-05, 7.248205292853527e-06, 0.049023907631635666, -1.2044081813655794e-05, 4.388629167806357e-05, -0.00041228614281862974, 5.6322103773709387e-05], [-0.003057132475078106, 0.9716182947158813, 0.18709714710712433, 0.14353784918785095, -4.218622052576393e-06, -0.01357909943908453, 7.526197441620752e-05, -8.942463978200976e-07, -0.01245894469320774, 0.00013970560394227505, 4.257639011484571e-05, -0.0005357149639166892, 5.862973921466619e-05], [-0.010038263164460659, -0.030649764463305473, 0.7031569480895996, -0.7093849182128906, 1.340876679023495e-06, -0.023254195228219032, -0.00010160722740693018, 3.7729307678091573e-06, 0.024740880355238914, -4.3550859118113294e-05, 0.00016146957932505757, -0.012250860221683979, 0.00019933517614845186], [0.016198445111513138, -0.00014875695342198014, -0.018001383170485497, 0.02067963406443596, 5.992268052068539e-05, -0.3408154547214508, 9.076771675609052e-05, -6.715790368616581e-05, 0.36109596490859985, -0.00010584989649942145, -0.0008923179120756686, -0.8674323558807373, -0.0011563284788280725], [-0.002486015670001507, 6.474425026681274e-05, 0.00012108104419894516, -0.00017683730402495712, 0.0054891519248485565, 0.0003203833766747266, 0.09001234918832779, -0.0021740237716585398, -0.0003267370630055666, -0.10619326680898666, -0.020288513973355293, 0.001048500183969736, -0.9900336265563965], [-0.0019626240245997906, 3.889948129653931e-05, 9.357921226182953e-05, -0.0001313771790592, 0.028166016563773155, 0.0002340968931093812, -0.0012444023741409183, -0.024159777909517288, -0.0002126447798218578, 0.00037848486681468785, -0.9990971684455872, 0.0007818412268534303, 0.02053566463291645], [0.00019605612033046782, 0.001987880328670144, 0.04874669015407562, 0.05074057728052139, 8.669392991578206e-05, 0.6798194646835327, 8.719594916328788e-06, 0.00012652082659769803, 0.7290756106376648, 3.7978518321324373e-06, 2.9979839382576756e-05, 0.03659990429878235, 1.4640534573118202e-05], [-0.00475458474829793, 8.211254112211464e-07, 0.018212776631116867, -0.01470720861107111, -0.00013494504673872143, 0.6470515131950378, -6.660364761046367e-06, 0.00020073777704965323, -0.5786343812942505, -2.841459536284674e-05, -0.00011105713929282501, -0.4959193170070648, -0.00010452340939082205], [-0.0002293013094458729, -0.0001193554635392502, 7.34627019483014e-06, -6.495076377177611e-05, -0.159564808011055, 6.405322437785799e-06, -0.08938827365636826, 0.009764659218490124, 1.3512680197891314e-05, 0.9764715433120728, -0.006588463671505451, 1.5125469872145914e-05, -0.11363594233989716], [0.00014698173617944121, -7.816403376637027e-05, 4.6098630264168605e-06, -0.0001199406833620742, -0.023559261113405228, 1.7674035916570574e-05, 0.9896916151046753, -0.06536011397838593, -6.987983852013713e-06, 0.09667429327964783, 0.001355996704660356, -2.2289219486992806e-05, 0.07959643751382828], [-2.815380139509216e-05, 1.9264629372628406e-05, -1.136489913733385e-06, 1.0677225873223506e-05, -0.9815985560417175, -6.493496766779572e-05, -0.0021164214704185724, 0.09848950803279877, 0.00015886790060903877, -0.16039018332958221, -0.02986648492515087, 5.015726856072433e-05, 0.011964934878051281], [2.7574005798669532e-05, 5.640702056552982e-06, 5.6957969718496315e-06, 6.384410880855285e-06, -0.09810963273048401, 0.00022682246344629675, -0.06642214953899384, -0.9926449656486511, -2.5622824978199787e-05, -0.012450376525521278, 0.021243866533041, -5.181535743759014e-05, -0.0035030804574489594]]