[[-0.9968627095222473, 0.024007994681596756, 0.03308572992682457, -0.055268485099077225, 0.00013089408457744867, -0.025772178545594215, -0.017170511186122894, 0.00027057022089138627, 0.013971901498734951, 0.01856163516640663, 0.0024260953068733215, 0.005192055832594633, 0.002709865104407072], [0.03706100955605507, -0.41789379715919495, 0.17246048152446747, -0.81971275806427, 0.01612955331802368, 0.010182015597820282, 0.28042104840278625, 0.010235187597572803, -0.11802899092435837, 0.14065846800804138, -4.3040172386099584e-06, -0.032874736934900284, 0.09175489097833633], [0.013023430481553078, 0.36197429895401, -0.7565947771072388, -0.3513164222240448, 0.0015281259547919035, -0.3622736930847168, -0.0017180335707962513, 0.03202865645289421, -0.03327757865190506, -0.0013266442110762, -0.0029138983227312565, 0.19888198375701904, -0.0010533775202929974], [0.044831112027168274, 0.786654531955719, 0.3950960636138916, -0.35061225295066833, 0.002265169518068433, 0.2223415970802307, -0.12089218944311142, -0.025744467973709106, -0.07966957986354828, -0.05082933232188225, 0.0018793067429214716, -0.15676476061344147, -0.04366743192076683], [-0.03917194902896881, -0.06914961338043213, -0.47343572974205017, 0.003113566432148218, 0.018473492935299873, 0.6047044992446899, 0.009113134816288948, -0.06754346191883087, -0.22055965662002563, 0.016718534752726555, 0.01158736553043127, -0.5914168357849121, 0.006644928362220526], [-0.018558364361524582, 0.22569896280765533, 0.002065694658085704, 0.1894415020942688, -0.01261601597070694, 0.028334876522421837, 0.7742825746536255, 0.051407597959041595, 0.0501028336584568, -0.08743751049041748, -0.012530619278550148, -0.006434012670069933, 0.5471296906471252], [-0.003628710051998496, -0.005866891238838434, 0.002095530740916729, -0.0018049041973426938, -0.06488393992185593, -0.009388665668666363, 0.01019053440541029, 0.2086257040500641, -0.014253043569624424, -0.041643381118774414, -0.971481442451477, -0.05162964388728142, -0.06032557412981987], [0.017928259447216988, -0.005222890991717577, 0.004613750148564577, 0.0019342598970979452, 0.04658696800470352, -0.011703524738550186, -0.4791222810745239, -0.0650048777461052, -0.028520066291093826, 0.42659953236579895, -0.08766332268714905, 0.014751633629202843, 0.7568567395210266], [-0.0028093575965613127, -0.0015337644144892693, 0.12319569289684296, 0.13362205028533936, 0.08023612946271896, -0.5097793340682983, -0.0039322166703641415, 0.20449090003967285, -0.7143269777297974, -0.056543800979852676, 0.07484201341867447, -0.3731784522533417, 0.022111156955361366], [0.0074743484146893024, 0.1366988718509674, 0.005957797635346651, 0.133957639336586, 0.1115507185459137, -0.009612488560378551, 0.25127696990966797, 0.12413806468248367, 0.010994221083819866, 0.8740314245223999, 0.004672271199524403, -0.020180227234959602, -0.3281923234462738], [0.008490906096994877, -0.01901513896882534, -0.016400791704654694, -0.06746061891317368, -0.06665229797363281, 0.0057959649711847305, -0.11657339334487915, 0.868982195854187, 0.3608005940914154, -0.05079098418354988, 0.19364091753959656, -0.2141283005475998, 0.07379757612943649], [-0.019035758450627327, -0.006811708211898804, -0.03104449436068535, 0.045858100056648254, 0.08072543889284134, 0.4379965662956238, -0.02040826342999935, 0.36138805747032166, -0.5180263519287109, -0.03148084878921509, 0.04254041984677315, 0.6291817426681519, 0.011287354864180088], [0.0003305479767732322, -0.007595381233841181, -0.003024803241714835, -0.017504174262285233, 0.9813311100006104, -0.004060221835970879, -0.005603919271379709, 0.017116568982601166, 0.1316559910774231, -0.12222994863986969, -0.05744795501232147, -0.025966275483369827, 0.005166263319551945]]