[[0.9998303055763245, 0.004992893431335688, -0.0006484065670520067, -0.005232294090092182, -5.582520680036396e-05, 0.00859289150685072, -4.213505599182099e-05, 5.533171497518197e-05, -0.0082539152354002, 4.4093143515056e-05, -0.0024406798183918, 0.011567139066755772, 0.0022827209904789925], [0.004265668801963329, -0.009388799779117107, 0.7078679203987122, 0.7026904821395874, 4.07061270379927e-05, -0.052926719188690186, -1.2955628335475922e-05, 8.614300168119371e-05, -0.04731695353984833, -3.956071850552689e-06, -6.497212598333135e-05, -0.0015953462570905685, 6.0384882090147585e-05], [-0.003923297859728336, 0.9563962817192078, -0.1991114616394043, 0.21343915164470673, 0.00011153043305967003, 0.006483595818281174, -3.230875563531299e-06, 3.2853393349796534e-05, -0.0064696515910327435, -1.103221711673541e-05, 6.991163536440581e-05, 0.0022755833342671394, -6.32637384114787e-05], [-0.004042864311486483, 0.29187604784965515, 0.6751265525817871, -0.676620364189148, 9.038470307132229e-05, -0.02453775890171528, 7.418300810968503e-06, 0.00010053044388769194, 0.02123448997735977, -4.1720495573827066e-06, 7.39757961127907e-05, -0.011340743862092495, -7.731116784270853e-05], [-0.015981195494532585, 0.001209734589792788, 0.02591051533818245, -0.012158768251538277, 0.0001042041985783726, 0.41658496856689453, 4.698714110418223e-05, -9.232899901689962e-05, -0.2896310091018677, -5.763719673268497e-05, 0.001106362440623343, 0.8610996603965759, -0.0010393919656053185], [-0.0024668932892382145, 8.088776667136699e-05, 2.767541809589602e-05, -8.51702643558383e-05, -0.014016043394804, 0.0004394932184368372, -0.0921354591846466, 0.009843929670751095, -0.00022566756524611264, 0.1070081889629364, -0.07627175748348236, 0.0009677262860350311, 0.9868850708007812], [0.002259276807308197, -7.878762698965147e-05, -1.5323978004744276e-05, 7.03765035723336e-05, 0.09852257370948792, -0.0004030366544611752, -0.005640342831611633, -0.09494172036647797, 0.00017204982577823102, 0.00392274372279644, 0.9875146150588989, -0.0009002531296573579, 0.07772152870893478], [0.0008427782449871302, -0.00010570273298071697, 0.051834408193826675, 0.047088563442230225, -1.0919535270659253e-05, 0.7496277689933777, 0.00012790210894308984, 1.3917082242187462e-06, 0.6413276791572571, 9.14279225980863e-05, 5.895873619010672e-05, -0.14782530069351196, -3.110613761236891e-05], [-0.0047205975279212, -7.027630545053398e-06, 0.011112761683762074, -0.021500643342733383, 7.201681455626385e-06, 0.5108773112297058, -0.00022412347607314587, 2.794492684188299e-05, -0.7085285186767578, 0.00011461462418083102, -0.0001010785999824293, -0.4861926734447479, 3.1902080081636086e-05], [0.0002792747691273689, 9.747908188728616e-05, 2.7584112103795633e-05, 1.636753495404264e-06, -0.9355164766311646, -4.013288707938045e-05, 7.132635801099241e-05, 0.28435322642326355, -1.1538983926584478e-05, 0.16867727041244507, 0.12196868658065796, -1.2133644304412883e-05, -0.024978790432214737], [-0.00011464228009572253, 0.0001006696475087665, 0.00013545721594709903, -7.725728210061789e-06, -0.2844107747077942, 1.0116438033946906e-06, 0.06143193319439888, -0.9518955945968628, -3.22545129165519e-05, 0.07256245613098145, -0.06295761466026306, -4.649320089811226e-06, -0.0015430657658725977], [0.00014099502004683018, -2.0341594790806994e-05, -1.9921757484553382e-05, 8.46030525281094e-06, 0.18344935774803162, -0.0001359479792881757, 0.19282668828964233, 0.03166905790567398, -1.2793555470125284e-05, 0.9596202373504639, -0.01130757387727499, 1.227351003763033e-05, -0.08463357388973236], [-0.00019783758034463972, 5.8031077969644684e-06, -3.913887667295057e-06, -4.3904960875806864e-06, -0.019048217684030533, 6.497704453067854e-05, 0.974947988986969, 0.05407610535621643, -0.0002500401751603931, -0.18424440920352936, 0.004699419252574444, -4.933724267175421e-05, 0.11055143177509308]]