[[0.9968661665916443, 0.03309781849384308, 0.024025049060583115, -0.05524512007832527, 0.0002566269540693611, -0.01872175745666027, -0.01375112310051918, 0.0001388794044032693, 0.017825176939368248, 0.02526123821735382, -0.0024272131267935038, -0.0055593340657651424, -0.0011115962406620383], [-0.027432221919298172, 0.07275748997926712, -0.42726126313209534, -0.7619128823280334, 0.020288964733481407, -0.08965572714805603, 0.105488121509552, 0.011949339881539345, -0.40097615122795105, 0.05012795329093933, 0.0013263198779895902, 0.21622098982334137, 0.033502355217933655], [-0.018325362354516983, -0.6791483163833618, 0.556405782699585, -0.3932815194129944, 0.017358507961034775, 0.009498960338532925, 0.09252536296844482, 0.005018998868763447, 0.0694383978843689, 0.22695976495742798, 0.0015175521839410067, -0.04028426110744476, 0.08502399921417236], [-0.05468059331178665, 0.6614577770233154, 0.5988470315933228, -0.3736308217048645, -0.022826341912150383, 0.009422323666512966, 0.027758203446865082, 0.001486046239733696, 0.12876951694488525, -0.18426744639873505, -0.0016153586329892278, -0.08051591366529465, -0.053496308624744415], [-0.024904683232307434, -0.014091985300183296, -0.34871968626976013, -0.26149240136146545, -0.02867777831852436, -0.2452288269996643, 0.055205296725034714, 0.02172752097249031, 0.6223337650299072, 0.03995591402053833, -0.006412300281226635, -0.5957478284835815, 0.02941598743200302], [0.023206081241369247, -0.29215171933174133, -0.020001135766506195, -0.09132131934165955, -0.11133727431297302, -0.030490227043628693, -0.0024430202320218086, 0.004965982865542173, -0.0056344252079725266, -0.7614721059799194, -0.02595839463174343, -0.008633633144199848, -0.558025598526001], [0.00014455622294917703, -0.001239013741724193, -0.0029963855631649494, -0.014959295280277729, 0.20748549699783325, 0.009672746062278748, -0.06356722861528397, -0.06946786493062973, 0.004333538934588432, 0.01678098924458027, 0.9672162532806396, -0.024072986096143723, -0.10661926865577698], [-0.0259001012891531, 0.055227670818567276, 0.01373172178864479, -0.05803021043539047, 0.15583796799182892, -0.043808065354824066, -0.48378661274909973, -0.04376012086868286, -0.028340287506580353, 0.4766770303249359, -0.15415161848068237, -0.04874158650636673, -0.690211296081543], [0.0032875980250537395, 0.005294803064316511, -0.1609264314174652, -0.1483420431613922, -0.09134925901889801, 0.796116054058075, 0.050409406423568726, -0.09020949900150299, 0.4441417157649994, 0.05969787389039993, 0.0002733973378781229, 0.30066272616386414, -0.08949941396713257], [0.010052617639303207, 0.07089986652135849, 0.009804092347621918, 0.13426050543785095, 0.23002858459949493, -0.037314124405384064, 0.840822696685791, 0.11786755919456482, -0.016296720132231712, 0.21255849301815033, -0.030146721750497818, -0.002162426942959428, -0.39396631717681885], [0.010242244228720665, -0.030886057764291763, -0.02001512609422207, -0.03682943060994148, 0.8136330246925354, 0.31967195868492126, -0.07939454913139343, -0.0644548162817955, -0.1550622284412384, -0.21077051758766174, -0.17580056190490723, -0.31931376457214355, 0.14560972154140472], [-0.01155797392129898, -0.014755286276340485, -0.0036497998517006636, -0.013404575176537037, 0.4411771595478058, -0.4187639653682709, -0.07971572130918503, 0.04916301742196083, 0.4558199942111969, -0.09617335349321365, -0.06993052363395691, 0.6280902624130249, 0.06538229435682297], [5.317944214766612e-06, -0.0035698821302503347, -0.007429780438542366, -0.017033426091074944, 0.017836997285485268, 0.12492414563894272, -0.1265949010848999, 0.9818301796913147, -0.0006122264894656837, -0.005148203112185001, 0.05742039158940315, -0.01747952774167061, 0.0084608756005764]]