[[0.9984119534492493, -0.029808204621076584, 0.029828252270817757, 1.5768195225973614e-05, -0.0007445718511007726, -0.01592983491718769, 0.02024259977042675, 0.0007318600546568632, 0.020946616306900978, -0.015770500525832176, -0.0019930514972656965, -0.0057551078498363495, -0.002523477654904127], [-0.020353829488158226, 0.06889456510543823, 0.3537614941596985, 0.5393251776695251, -0.04492088407278061, 0.023054873570799828, -0.20932626724243164, -0.014451374299824238, 0.6465595364570618, -0.0516950823366642, 0.0008684431668370962, -0.32885921001434326, -0.05817408487200737], [-0.04463812708854675, -0.6066727638244629, 0.4471909999847412, -0.365937739610672, -0.011503408662974834, -0.016069917008280754, 0.44984814524650574, 0.03186540678143501, 0.22335422039031982, 0.0833287239074707, 0.0020045482087880373, -0.12894676625728607, 0.13723665475845337], [-0.004810072015970945, -0.6603996753692627, -0.47313207387924194, 0.5663589239120483, 0.006128695327788591, 0.020900025963783264, 0.08827345818281174, 0.0050970036536455154, -0.0834965631365776, 0.005670181475579739, 9.622224024496973e-05, 0.05595150217413902, 0.028394674882292747], [-0.004706411622464657, -0.15415452420711517, 0.6519257426261902, 0.29154273867607117, 0.03570212796330452, 0.16653867065906525, -0.2360599786043167, -0.02718748152256012, -0.4803422689437866, -0.009410431608557701, -0.002210269682109356, 0.37776923179626465, -0.08488056808710098], [-0.002934500342234969, 0.3943287432193756, 0.08963710069656372, 0.37662315368652344, 0.0009617387549951673, 0.0720721110701561, 0.7390196323394775, 0.05647827312350273, -0.09060396999120712, -0.0960015133023262, 0.0036046241875737906, 0.10688364505767822, 0.3334951400756836], [-0.0018331223400309682, 0.0009314798517152667, 1.593448905623518e-05, 0.0008856625063344836, 0.025828935205936432, 0.002644221531227231, 0.0016250599874183536, -0.025317015126347542, -0.00033442952553741634, 0.00591842969879508, -0.9992056488990784, -0.007993579842150211, 0.012893402017652988], [0.011027181521058083, -0.02955598384141922, -0.0015213285805657506, -0.02548736333847046, 0.01448974572122097, -0.005793961696326733, -0.36231058835983276, -0.04652733728289604, -0.005362765863537788, 0.1385403424501419, 0.013682124204933643, -0.01493160706013441, 0.9192623496055603], [-0.0029299119487404823, 0.0032770223915576935, 0.10787523537874222, 0.1041896641254425, 0.07498381286859512, -0.35493600368499756, 0.01061918307095766, 0.040665365755558014, -0.513693630695343, -0.021271061152219772, 0.006145077291876078, -0.761386513710022, -0.006217374466359615], [0.019141148775815964, 0.09805744886398315, -0.012093018740415573, 0.08608894795179367, 0.16836252808570862, 0.15918152034282684, 0.07314148545265198, -0.015264132991433144, -0.012418828904628754, 0.9518609642982483, 0.010108914226293564, -0.06421339511871338, -0.11302480846643448], [0.013614456169307232, -0.016366703435778618, -0.07174374163150787, -0.0903109535574913, 0.002607272006571293, 0.8856107592582703, 0.0011354460148140788, -0.17107641696929932, -0.11465761810541153, -0.16726982593536377, 0.008734170347452164, -0.36235758662223816, 0.012541507370769978], [0.005271321628242731, 0.0038995854556560516, -0.004228523466736078, -0.00041165563743561506, -0.6884275078773499, 0.12863902747631073, -0.05597051978111267, 0.6967331171035767, -0.06807678192853928, 0.11220311373472214, -0.0340278185904026, -0.04953260347247124, 0.007305116858333349], [-8.752035682846326e-06, -0.011967252008616924, -0.011682892218232155, -0.023242883384227753, 0.6983919143676758, 0.11565924435853958, -0.062249425798654556, 0.689509391784668, 0.06229463592171669, -0.12045535445213318, 0.00019233181956224144, 0.007127443794161081, 0.017666330561041832]]