[[-0.9982105493545532, -0.026065243408083916, 0.03243982791900635, -0.0031636657658964396, -0.007905728183686733, 0.017627933993935585, 0.016579430550336838, 0.006583597976714373, -0.020529886707663536, -0.024085726588964462, -0.011500755324959755, 0.0025867463555186987, 0.0013290469069033861], [-0.010235646739602089, -0.6533729434013367, -0.7186891436576843, -0.05581202358007431, 0.03413563221693039, 0.08431002497673035, 0.029238341376185417, 0.02671109326183796, 0.15997719764709473, 0.11873363703489304, 0.0018441870342940092, 0.050537604838609695, 0.035784147679805756], [0.00035400225897319615, -0.13609248399734497, -0.026298008859157562, 0.9460978507995605, 0.03317604213953018, -0.11248743534088135, -0.14204122126102448, 0.026737304404377937, -0.20729151368141174, -0.04432545229792595, 0.0017089495668187737, -0.06887418776750565, -0.03687651455402374], [0.03829574957489967, -0.7003074884414673, 0.626373291015625, -0.116499163210392, 0.017547911033034325, -0.0663551539182663, 0.08467032015323639, -0.01666921004652977, -0.20210866630077362, 0.19267363846302032, 0.009838526137173176, -0.0768759474158287, 0.07779205590486526], [-0.009045077487826347, -0.03566848486661911, 0.21402983367443085, 0.17719417810440063, -0.321235328912735, -0.09114574640989304, -0.14009585976600647, 0.0475945807993412, 0.6915871500968933, 0.21368961036205292, -0.24306300282478333, 0.43818119168281555, 0.11405686289072037], [-0.00636655930429697, 0.16950267553329468, -0.153146430850029, -0.003131460165604949, -0.42715132236480713, 0.0012980308383703232, 0.07159475982189178, 0.03968353569507599, -0.3284229636192322, 0.5214371085166931, -0.35253095626831055, -0.2501109540462494, 0.4381920099258423], [0.022869501262903214, -0.13592271506786346, -0.00889861211180687, -0.09721074253320694, -0.36833158135414124, -0.010938511230051517, -0.09740065783262253, 0.150676429271698, -0.10823139548301697, -0.3731952905654907, -0.608535885810852, -0.13795655965805054, -0.5129886865615845], [0.02576889842748642, -0.016486192122101784, -0.0038583152927458286, 0.14341260492801666, -0.2605609893798828, 0.18947002291679382, 0.7753475308418274, -0.26210296154022217, -0.12022265791893005, -0.24163289368152618, -0.005196949001401663, 0.36011773347854614, 0.047723349183797836], [0.010277180932462215, 0.011615599505603313, -0.0034379460848867893, -0.018375486135482788, 0.5507937073707581, -0.18834024667739868, 0.15166044235229492, 0.34128618240356445, -0.052641961723566055, -0.23048126697540283, -0.5087717175483704, 0.19246555864810944, 0.41146421432495117], [-0.007212228607386351, -0.014622801914811134, 0.009778767824172974, 0.06139279901981354, -0.04603279381990433, -0.3783828020095825, 0.3800446689128876, -0.028341688215732574, 0.46272188425064087, -0.16934429109096527, 0.043370865285396576, -0.670276939868927, 0.10676374286413193], [0.019769245758652687, -0.09057357162237167, 0.09520646929740906, 0.03831012174487114, -0.10062653571367264, 0.621848464012146, -0.28444904088974, -0.1426359862089157, 0.1260262429714203, -0.4316934645175934, -0.03761516883969307, -0.22278094291687012, 0.47906991839408875], [-0.0008230296662077308, 0.07826542854309082, 0.09117934107780457, 0.139665424823761, 0.39134347438812256, 0.5528604984283447, 0.2399650514125824, -0.03100244700908661, 0.21125902235507965, 0.40332743525505066, -0.2895962595939636, -0.21692180633544922, -0.3323858082294464], [-0.012064234353601933, -0.006688899826258421, -0.05055974796414375, -0.041182298213243484, 0.19845575094223022, -0.24535919725894928, -0.17376026511192322, -0.874313235282898, -0.021223029121756554, 0.013485144823789597, -0.3163115084171295, 0.02258475497364998, 0.012660132721066475]]