[[0.9983978271484375, 0.024482358247041702, -0.024469325318932533, 1.1263365195191e-05, 0.000869181239977479, 0.02767600305378437, -0.015136651694774628, -0.0008784791571088135, -0.015361519530415535, 0.027117347344756126, 0.0023148641921579838, -0.005380574613809586, -0.0011707254452630877], [-0.006176886614412069, 0.20217368006706238, 0.6265018582344055, 0.2181154489517212, -0.007498319260776043, 0.6200206875801086, -0.03261590749025345, -0.040804386138916016, -0.023452144116163254, -0.12436007708311081, 0.003926725126802921, -0.33778995275497437, -0.0408049076795578], [-0.0026531133335083723, 0.4281505346298218, -0.26502183079719543, 0.7382000684738159, -0.026296846568584442, -0.15306395292282104, -0.10653282701969147, 0.007239479571580887, 0.10096896439790726, -0.35657042264938354, -0.0045717027969658375, 0.11019504070281982, -0.1283787488937378], [0.0043928660452365875, -0.7353309392929077, -0.07537991553544998, 0.5793604850769043, 0.017680861055850983, 0.13668395578861237, -0.040790364146232605, -0.010318595916032791, 0.050972145050764084, 0.28885892033576965, 0.00391065189614892, -0.06961721181869507, 0.07914209365844727], [-0.035799168050289154, 0.06245137006044388, -0.7178938984870911, -0.13603593409061432, -5.3802992624696344e-05, 0.4982566833496094, 0.015004793182015419, -0.03701234608888626, -0.15358233451843262, -0.06070784851908684, 0.005384529009461403, -0.428244411945343, -0.019756024703383446], [0.03388233110308647, -0.4734099209308624, 0.048082899302244186, -0.14815863966941833, -0.06222778931260109, -0.01640426181256771, 0.02708144299685955, 0.0024157282896339893, -0.016690149903297424, -0.766312301158905, -0.01386983785778284, 0.009020623750984669, -0.39724618196487427], [0.002939235884696245, -0.00027479915297590196, 0.001351870596408844, 0.004851610399782658, -0.09763125330209732, -0.003592499764636159, 0.01987052895128727, 0.09840584546327591, -0.003336232155561447, -0.006359743885695934, -0.9876847863197327, -0.029276039451360703, 0.06255654245615005], [0.016733326017856598, -0.06324924528598785, -0.0025287361349910498, 0.015772316604852676, -0.045046284794807434, 0.01924774795770645, 0.20816713571548462, -0.00021178717724978924, 0.026146715506911278, -0.41067269444465637, 0.06620308756828308, 0.027371486648917198, 0.8804904222488403], [-0.006835109554231167, 0.00587854441255331, -0.11439310759305954, -0.09520746022462845, -0.028262054547667503, 0.5320523381233215, 0.027171140536665916, -0.0682968869805336, 0.4757271707057953, 0.018750770017504692, -0.030502060428261757, 0.6776037812232971, -0.04174016788601875], [-0.013103526085615158, -0.04853929579257965, 0.00025848709628917277, -0.10535042732954025, -0.013099088333547115, 0.03174738958477974, -0.9583879709243774, -0.08346063643693924, -0.10672114789485931, -0.07850079983472824, -0.016424626111984253, 0.07808839529752731, 0.18921227753162384], [-0.013551989570260048, 0.0054847486317157745, 0.011660479009151459, 0.10377205908298492, 0.08128710091114044, 0.17711524665355682, 0.12447900325059891, -0.02489539049565792, -0.8468729853630066, 0.0034644966945052147, -0.02018430456519127, 0.4657284915447235, -0.016518471762537956], [-3.2124527933774516e-05, -0.007114915642887354, -0.006934595759958029, -0.012887528166174889, 0.7058839797973633, 0.06293985247612, -0.062917560338974, 0.6970974802970886, 0.056164659559726715, -0.06273353099822998, -0.0009133907151408494, 0.013270789757370949, 0.01820918172597885], [0.004116591066122055, -0.0035742667969316244, 0.004010217264294624, -0.0009369969484396279, 0.6911264061927795, -0.06607650965452194, 0.04803653433918953, -0.6992290019989014, 0.061692968010902405, -0.05606325343251228, -0.134943887591362, -0.03839882090687752, 0.008330294862389565]]